nn,eval,beauty,female,age,minority,nonenglish,lower,course_id
1,4.3,0.2015666,1,36,1,0,0,3
2,4.5,-0.8260813,0,59,0,0,0,0
3,3.7,-0.6603327,0,51,0,0,0,4
4,4.3,-0.7663125,1,40,0,0,0,2
5,4.4,1.421445,1,31,0,0,0,0
6,4.2,0.5002196,0,62,0,0,0,0
7,4,-0.2143501,1,33,0,0,0,4
8,3.4,-0.346539,1,51,0,0,0,0
9,4.5,0.0613435,1,33,0,0,0,0
10,3.9,0.4525679,0,47,0,0,0,4
11,3.1,0.1432643,0,35,1,1,0,4
12,4,-0.1550228,0,37,0,0,0,0
13,3.8,0.1285433,0,42,0,0,0,0
14,3.4,-0.3470453,0,49,0,1,0,0
15,2.9,0.4619388,1,37,0,0,0,9
16,4.5,-0.1503849,0,45,0,0,0,9
17,4,-1.070734,1,56,0,0,0,10
18,3.8,-0.1426931,0,48,0,0,1,0
19,4.3,-0.1563634,1,46,0,0,0,0
20,3.4,-0.0589354,1,57,0,0,0,0
21,3.4,0.1511368,1,52,0,0,0,9
22,3.3,-0.937076,1,29,1,1,0,8
23,4.3,-0.8214405,0,62,0,0,0,10
24,4.4,-0.1994712,0,64,0,0,0,0
25,4.6,1.687167,1,34,0,0,0,0
26,4.2,-0.4101976,0,58,0,0,0,25
27,4,0.1233448,0,52,1,1,0,17
28,3.3,-0.8059942,0,73,0,0,0,13
29,4.4,-0.8210418,0,70,0,0,0,19
30,2.3,0.3198185,1,41,0,0,0,15
31,3.5,-0.0985568,0,63,0,0,0,12
32,4.7,-1.012306,0,47,0,0,0,0
33,3.9,0.4883314,0,39,0,0,1,0
34,4,-0.1719505,1,47,1,0,1,21
35,4.3,-1.167907,0,54,0,0,0,16
36,3.8,0.9525534,1,44,1,0,0,0
37,3.8,-1.140457,0,47,1,0,0,16
38,4,-0.8161172,0,62,0,0,0,0
39,4.6,-0.4837456,0,60,0,0,0,0
40,3.5,0.8450468,0,37,0,0,0,14
41,4.7,-0.3261277,0,42,0,0,0,0
42,4.2,0.1865589,0,35,0,0,0,22
43,3.4,1.881674,1,39,0,0,1,21
44,3.9,0.9626006,0,49,0,0,0,22
45,4.5,0.1534694,0,61,0,0,1,21
46,4.7,1.261046,0,33,0,0,0,22
47,3.5,0.0232144,1,58,0,0,0,23
48,3.7,-0.3460746,1,56,0,0,0,22
49,4,-0.744618,1,50,0,0,1,21
50,4.1,-0.7447439,0,52,0,0,0,0
51,4.4,0.6361284,1,33,0,0,0,0
52,4.2,0.5434852,0,57,0,0,0,0
53,4.5,0.9825948,1,38,0,0,0,1
54,3.8,-1.538843,1,34,0,0,1,0
55,3.1,1.067531,0,34,0,0,0,0
56,3.7,-0.4143639,0,32,0,0,1,0
57,3.9,0.7962944,1,42,0,0,1,0
58,4,-0.6466943,1,43,0,0,1,0
59,3.3,-0.4299034,0,35,0,1,0,25
60,3.1,-0.5924066,1,62,0,0,0,0
61,4,-0.9889295,0,42,0,0,0,0
62,4.3,0.5546651,0,39,0,0,0,0
63,3.7,0.6851749,1,52,0,0,0,0
64,3.4,0.9755885,1,52,0,0,0,0
65,4.3,-1.178738,1,52,0,0,0,0
66,3.7,-1.157511,0,64,0,0,0,0
67,4.2,1.327346,0,50,0,0,0,0
68,2.2,-1.511268,0,60,0,0,0,0
69,3,0.3034731,1,51,0,0,0,0
70,4.3,-0.5783117,0,43,0,0,1,0
71,4.6,-0.671936,0,50,1,0,1,0
72,3.5,0.6683338,0,52,0,0,0,0
73,4.6,0.7924695,0,51,0,0,1,0
74,3.7,-0.6548505,0,38,0,0,1,0
75,3.8,0.2510546,1,47,0,0,1,24
76,3.6,-0.2397178,1,43,1,0,1,0
77,4.4,-1.113346,1,38,0,0,1,0
78,4.1,-0.1135935,0,43,0,0,1,0
79,4.3,-0.8351366,0,57,0,0,0,0
80,4,0.9005994,1,51,0,0,0,0
81,4.8,-0.620769,0,45,0,0,1,20
82,3.5,-0.8552412,0,57,0,0,1,0
83,3.6,1.065906,1,47,0,0,1,0
84,3.8,1.144253,1,54,1,0,1,30
85,4.7,1.685985,0,58,0,0,1,28
86,4.9,1.684802,0,42,0,0,1,0
87,4.3,0.6362435,0,33,0,0,1,0
88,3.3,-1.269975,0,62,0,0,1,0
89,3.4,1.681103,1,35,1,0,1,0
90,3.6,-0.6756103,0,61,0,0,1,0
91,4,-0.0901815,1,52,0,0,1,0
92,3.9,-0.1450257,1,60,0,1,0,0
93,4.3,1.143045,0,32,0,0,1,0
94,3.3,0.3320507,1,42,1,1,0,0
95,3.7,0.2015666,1,36,1,0,0,3
96,3.6,0.2015666,1,36,1,0,0,3
97,4.4,0.2015666,1,36,1,0,0,3
98,4,-0.8260813,0,59,0,0,0,0
99,2.1,-0.8260813,0,59,0,0,0,0
100,3.2,-0.6603327,0,51,0,0,0,4
101,3.5,-0.7663125,1,40,0,0,0,4
102,4.1,-0.7663125,1,40,0,0,0,0
103,4.6,-0.7663125,1,40,0,0,0,5
104,3.8,-0.7663125,1,40,0,0,0,27
105,3.8,-0.7663125,1,40,0,0,0,26
106,3.8,-0.7663125,1,40,0,0,0,0
107,4.2,-0.7663125,1,40,0,0,0,0
108,3.9,1.421445,1,31,0,0,0,0
109,4.5,1.421445,1,31,0,0,0,0
110,4.5,1.421445,1,31,0,0,0,0
111,4.4,1.421445,1,31,0,0,0,0
112,4.4,1.421445,1,31,0,0,0,26
113,4.4,0.5002196,0,62,0,0,0,0
114,4.5,0.5002196,0,62,0,0,0,0
115,4.3,0.5002196,0,62,0,0,0,4
116,4.6,0.5002196,0,62,0,0,0,0
117,4.8,0.5002196,0,62,0,0,0,0
118,4.3,0.5002196,0,62,0,0,0,4
119,4,-0.2143501,1,33,0,0,0,4
120,4,-0.2143501,1,33,0,0,0,3
121,3.9,-0.2143501,1,33,0,0,0,4
122,3.3,-0.2143501,1,33,0,0,0,4
123,4.5,-0.346539,1,51,0,0,0,0
124,4.5,-0.346539,1,51,0,0,0,0
125,4.5,-0.346539,1,51,0,0,0,0
126,2.5,-0.346539,1,51,0,0,1,0
127,4.3,-0.346539,1,51,0,0,0,0
128,4.5,-0.346539,1,51,0,0,0,0
129,4.7,0.0613435,1,33,0,0,0,26
130,3.5,0.0613435,1,33,0,0,0,0
131,4.5,0.0613435,1,33,0,0,0,2
132,3.8,0.0613435,1,33,0,0,0,4
133,4.5,0.0613435,1,33,0,0,0,0
134,4.3,0.0613435,1,33,0,0,0,0
135,3.9,0.4525679,0,47,0,0,0,0
136,4.3,0.4525679,0,47,0,0,0,4
137,4.2,0.4525679,0,47,0,0,0,4
138,5,0.4525679,0,47,0,0,1,0
139,5,0.4525679,0,47,0,0,1,0
140,4.6,0.4525679,0,47,0,0,0,0
141,5,0.4525679,0,47,0,0,1,0
142,4.7,0.4525679,0,47,0,0,0,4
143,5,0.4525679,0,47,0,0,1,0
144,2.7,0.1432643,0,35,1,1,0,4
145,4,0.1432643,0,35,1,1,0,4
146,4.4,-0.1550228,0,37,0,0,0,27
147,4.4,-0.1550228,0,37,0,0,0,0
148,4.3,-0.1550228,0,37,0,0,0,0
149,3.5,-0.1550228,0,37,0,0,0,0
150,3.8,0.1285433,0,42,0,0,0,0
151,3.9,0.1285433,0,42,0,0,0,0
152,3.7,0.1285433,0,42,0,0,0,3
153,3.3,0.1285433,0,42,0,0,0,3
154,4,0.1285433,0,42,0,0,0,3
155,3.8,0.1285433,0,42,0,0,0,0
156,4.2,-0.3470453,0,49,0,1,0,4
157,3.1,-0.3470453,0,49,0,1,0,0
158,3.6,-0.3470453,0,49,0,1,0,4
159,3.3,0.4619388,1,37,0,0,0,0
160,2.9,0.4619388,1,37,0,0,0,9
161,3.1,0.4619388,1,37,0,0,0,9
162,4,-0.1503849,0,45,0,0,1,6
163,4,-0.1503849,0,45,0,0,1,6
164,4.2,-0.1503849,0,45,0,0,0,9
165,3.8,-0.1503849,0,45,0,0,0,9
166,4.3,-0.1503849,0,45,0,0,1,6
167,4.6,-1.070734,1,56,0,0,0,10
168,4.3,-1.070734,1,56,0,0,0,0
169,3.6,-1.070734,1,56,0,0,0,0
170,4.2,-1.070734,1,56,0,0,0,10
171,3.9,-0.1426931,0,48,0,0,0,0
172,4.1,-0.1426931,0,48,0,0,0,0
173,4,-0.1426931,0,48,0,0,1,0
174,4.3,-0.1426931,0,48,0,0,1,0
175,3.9,-0.1426931,0,48,0,0,0,0
176,4.2,-0.1426931,0,48,0,0,1,0
177,4.2,-0.1426931,0,48,0,0,1,0
178,4.9,-0.1563634,1,46,0,0,1,0
179,4,-0.1563634,1,46,0,0,0,0
180,4.3,-0.1563634,1,46,0,0,0,0
181,4.9,-0.1563634,1,46,0,0,0,0
182,3.9,-0.1563634,1,46,0,0,0,0
183,4.9,-0.1563634,1,46,0,0,1,0
184,3.9,-0.1563634,1,46,0,0,0,0
185,4,-0.1563634,1,46,0,0,1,0
186,3.5,-0.0589354,1,57,0,0,0,0
187,3.9,-0.0589354,1,57,0,0,0,0
188,4,-0.0589354,1,57,0,0,0,0
189,3.6,-0.0589354,1,57,0,0,0,0
190,3,-0.0589354,1,57,0,0,0,0
191,3,-0.0589354,1,57,0,0,0,0
192,3.6,-0.0589354,1,57,0,0,0,0
193,3.6,-0.0589354,1,57,0,0,0,0
194,3.2,-0.0589354,1,57,0,0,0,0
195,3.9,0.1511368,1,52,0,0,0,0
196,3.5,0.1511368,1,52,0,0,0,0
197,3.5,0.1511368,1,52,0,0,0,0
198,3.1,0.1511368,1,52,0,0,0,0
199,4.2,0.1511368,1,52,0,0,0,9
200,3.6,-0.8214405,0,62,0,0,1,6
201,4.5,-0.8214405,0,62,0,0,0,10
202,3.7,-0.8214405,0,62,0,0,1,6
203,3.4,-0.8214405,0,62,0,0,1,6
204,4.5,-0.1994712,0,64,0,0,0,0
205,4.6,-0.1994712,0,64,0,0,0,0
206,4.8,-0.1994712,0,64,0,0,0,0
207,4.5,-0.1994712,0,64,0,0,0,0
208,4.4,-0.1994712,0,64,0,0,0,0
209,4.1,-0.1994712,0,64,0,0,0,0
210,3.9,1.687167,1,34,0,0,0,0
211,4.3,-0.4101976,0,58,0,0,0,8
212,3.5,-0.4101976,0,58,0,0,1,24
213,4,-0.4101976,0,58,0,0,0,25
214,4,-0.4101976,0,58,0,0,1,24
215,4.6,0.1233448,0,52,1,1,0,18
216,4.6,0.1233448,0,52,1,1,0,17
217,3.7,0.1233448,0,52,1,1,0,14
218,3.5,0.1233448,0,52,1,1,0,14
219,3.6,0.1233448,0,52,1,1,0,18
220,3.9,0.1233448,0,52,1,1,0,0
221,4.2,-0.8059942,0,73,0,0,0,13
222,3.2,-0.8059942,0,73,0,0,0,0
223,4.9,-0.8059942,0,73,0,0,0,17
224,4,-0.8210418,0,70,0,0,0,19
225,3.5,-0.8210418,0,70,0,0,0,19
226,3.4,-0.8210418,0,70,0,0,0,19
227,4.2,-0.0985568,0,63,0,0,0,0
228,3.5,-0.0985568,0,63,0,0,0,5
229,4.4,-0.0985568,0,63,0,0,0,0
230,3.7,-0.0985568,0,63,0,0,0,0
231,3.4,-0.0985568,0,63,0,0,0,0
232,3,-0.0985568,0,63,0,0,0,0
233,3.9,-1.012306,0,47,0,0,0,0
234,2.8,-1.012306,0,47,0,0,0,15
235,3.7,0.4883314,0,39,0,0,1,0
236,4.6,0.4883314,0,39,0,0,0,0
237,4.2,0.4883314,0,39,0,0,0,0
238,4.4,0.4883314,0,39,0,0,0,5
239,3.8,-0.1719505,1,47,1,0,0,0
240,4.1,-0.1719505,1,47,1,0,1,20
241,3.7,-0.1719505,1,47,1,0,1,21
242,4.1,-0.1719505,1,47,1,0,0,0
243,3,-0.1719505,1,47,1,0,1,21
244,3.2,-0.1719505,1,47,1,0,1,21
245,2.8,-0.1719505,1,47,1,0,1,21
246,4.7,-0.1719505,1,47,1,0,1,20
247,4.2,-0.1719505,1,47,1,0,1,21
248,3.2,-0.1719505,1,47,1,0,1,21
249,3.1,-0.1719505,1,47,1,0,1,21
250,4,-0.1719505,1,47,1,0,1,21
251,4.2,-1.167907,0,54,0,0,0,18
252,4.3,-1.167907,0,54,0,0,0,16
253,3.3,0.9525534,1,44,1,0,0,19
254,4.1,0.9525534,1,44,1,0,0,0
255,3.7,0.9525534,1,44,1,0,0,0
256,3.3,-1.140457,0,47,1,0,0,17
257,3.8,-1.140457,0,47,1,0,0,16
258,3.4,-1.140457,0,47,1,0,0,0
259,4.2,-1.140457,0,47,1,0,0,0
260,3.8,-1.140457,0,47,1,0,0,0
261,3.5,-1.140457,0,47,1,0,0,5
262,3.3,-1.140457,0,47,1,0,0,0
263,4.3,-0.8161172,0,62,0,0,0,17
264,4.1,-0.8161172,0,62,0,0,0,0
265,4.5,-0.4837456,0,60,0,0,0,17
266,4.5,-0.4837456,0,60,0,0,0,17
267,4.6,-0.4837456,0,60,0,0,0,18
268,4.4,-0.4837456,0,60,0,0,0,12
269,4.1,-0.4837456,0,60,0,0,0,12
270,4.5,-0.4837456,0,60,0,0,0,0
271,4.3,-0.4837456,0,60,0,0,1,0
272,4.4,-0.3261277,0,42,0,0,0,0
273,4.9,-0.3261277,0,42,0,0,0,0
274,4.7,-0.3261277,0,42,0,0,0,0
275,4.6,-0.3261277,0,42,0,0,0,0
276,4.8,0.1865589,0,35,0,0,1,0
277,4.2,0.1865589,0,35,0,0,0,22
278,4.6,0.1865589,0,35,0,0,1,0
279,4.7,1.881674,1,39,0,0,0,0
280,4.6,1.881674,1,39,0,0,0,0
281,3.6,1.881674,1,39,0,0,1,21
282,3.9,0.9626006,0,49,0,0,0,22
283,4,0.9626006,0,49,0,0,0,22
284,4.4,0.1534694,0,61,0,0,0,0
285,4.5,0.1534694,0,61,0,0,1,21
286,4.4,0.1534694,0,61,0,0,0,0
287,3,1.261046,0,33,0,0,0,22
288,3.7,1.261046,0,33,0,0,0,22
289,3.6,-0.3460746,1,56,0,0,0,22
290,3.1,-0.3460746,1,56,0,0,0,22
291,3.8,-0.744618,1,50,0,0,1,20
292,4.7,-0.744618,1,50,0,0,1,20
293,3.8,-0.744618,1,50,0,0,0,0
294,3.8,-0.744618,1,50,0,0,0,0
295,2.8,-0.744618,1,50,0,0,0,0
296,4,-0.744618,1,50,0,0,0,0
297,4,-0.7447439,0,52,0,0,0,0
298,3.5,-0.7447439,0,52,0,0,0,0
299,3.4,-0.7447439,0,52,0,0,0,0
300,4,-0.7447439,0,52,0,0,0,0
301,3.5,-0.7447439,0,52,0,0,0,0
302,3.8,-0.7447439,0,52,0,0,0,0
303,4.7,-0.7447439,0,52,0,0,0,23
304,3.9,-0.7447439,0,52,0,0,0,0
305,4.5,-0.7447439,0,52,0,0,0,23
306,4.2,-0.7447439,0,52,0,0,0,23
307,4.7,-0.7447439,0,52,0,0,0,23
308,4,-0.7447439,0,52,0,0,0,0
309,4.8,0.6361284,1,33,0,0,0,0
310,4.8,0.6361284,1,33,0,0,0,0
311,4.4,0.6361284,1,33,0,0,0,0
312,4.7,0.6361284,1,33,0,0,0,0
313,4.5,0.6361284,1,33,0,0,0,0
314,4.2,0.5434852,0,57,0,0,0,1
315,4.4,0.5434852,0,57,0,0,0,0
316,4.1,0.5434852,0,57,0,0,0,0
317,4.2,0.9825948,1,38,0,0,1,0
318,4.8,0.9825948,1,38,0,0,0,1
319,4.4,0.9825948,1,38,0,0,0,1
320,4.7,0.9825948,1,38,0,0,0,1
321,4.2,0.9825948,1,38,0,0,1,0
322,4.5,0.9825948,1,38,0,0,0,0
323,3.4,-1.538843,1,34,0,0,1,0
324,3.7,-1.538843,1,34,0,0,1,0
325,3.6,-1.538843,1,34,0,0,0,0
326,3.9,-1.538843,1,34,0,0,0,0
327,3.9,-1.538843,1,34,0,0,0,0
328,3.7,1.067531,0,34,0,0,0,11
329,3,1.067531,0,34,0,0,1,0
330,3.6,-0.4143639,0,32,0,0,1,0
331,3.6,-0.4143639,0,32,0,0,1,0
332,4.3,-0.4143639,0,32,0,0,0,11
333,4.5,-0.4143639,0,32,0,0,0,0
334,3.9,0.7962944,1,42,0,0,0,0
335,4.6,-0.6466943,1,43,0,0,0,0
336,4.1,-0.6466943,1,43,0,0,1,0
337,4.2,-0.6466943,1,43,0,0,1,0
338,4.1,-0.6466943,1,43,0,0,1,0
339,3.1,-0.6466943,1,43,0,0,1,0
340,3.6,-0.6466943,1,43,0,0,1,0
341,4.2,-0.6466943,1,43,0,0,0,0
342,3,-0.6466943,1,43,0,0,1,0
343,4.2,-0.6466943,1,43,0,0,0,0
344,3.4,-0.4299034,0,35,0,1,1,0
345,3.1,-0.5924066,1,62,0,0,0,0
346,2.7,-0.5924066,1,62,0,0,0,0
347,3.9,0.6851749,1,52,0,0,0,0
348,3.9,0.9755885,1,52,0,0,0,0
349,3.6,0.9755885,1,52,0,0,0,0
350,3.7,-1.178738,1,52,0,0,0,0
351,3.6,-1.178738,1,52,0,0,0,0
352,4.4,-1.178738,1,52,0,0,0,0
353,4.3,-1.178738,1,52,0,0,0,0
354,4.1,-1.178738,1,52,0,0,0,0
355,3.7,-1.178738,1,52,0,0,0,0
356,3.6,-1.157511,0,64,0,0,0,0
357,2.8,-1.157511,0,64,0,0,0,0
358,4,-1.157511,0,64,0,0,0,0
359,4.4,-1.157511,0,64,0,0,0,0
360,3.6,-1.157511,0,64,0,0,0,0
361,3.7,1.327346,0,50,0,0,0,0
362,2.9,-1.511268,0,60,0,0,0,0
363,2.6,-1.511268,0,60,0,0,0,0
364,4.8,-0.5783117,0,43,0,0,1,0
365,4.9,-0.5783117,0,43,0,0,1,0
366,4.3,-0.5783117,0,43,0,0,1,0
367,4.4,-0.5783117,0,43,0,0,1,0
368,4.3,-0.5783117,0,43,0,0,1,0
369,4.7,-0.5783117,0,43,0,0,1,0
370,4.3,-0.5783117,0,43,0,0,1,0
371,4.6,-0.5783117,0,43,0,0,1,0
372,4.9,-0.671936,0,50,1,0,1,0
373,4.8,-0.671936,0,50,1,0,1,0
374,4.7,-0.671936,0,50,1,0,1,0
375,4.8,-0.671936,0,50,1,0,1,0
376,4.9,-0.671936,0,50,1,0,1,0
377,4.8,-0.671936,0,50,1,0,1,0
378,4.8,-0.671936,0,50,1,0,1,0
379,5,-0.671936,0,50,1,0,1,0
380,4.5,-0.671936,0,50,1,0,1,0
381,3.8,0.6683338,0,52,0,0,0,0
382,3.8,0.6683338,0,52,0,0,0,0
383,3.8,0.6683338,0,52,0,0,0,0
384,4,0.6683338,0,52,0,0,0,0
385,4.2,0.6683338,0,52,0,0,0,0
386,4.5,0.7924695,0,51,0,0,1,0
387,4.5,0.7924695,0,51,0,0,1,0
388,4.6,0.7924695,0,51,0,0,1,0
389,4.7,0.7924695,0,51,0,0,1,0
390,4.1,-0.6548505,0,38,0,0,1,0
391,3.6,-0.6548505,0,38,0,0,1,0
392,4,-0.6548505,0,38,0,0,1,0
393,3.4,0.2510546,1,47,0,0,1,7
394,2.8,-0.2397178,1,43,1,0,1,0
395,4.1,-1.113346,1,38,0,0,1,7
396,3.5,-1.113346,1,38,0,0,1,7
397,3.4,-1.113346,1,38,0,0,1,7
398,4.1,-1.113346,1,38,0,0,1,0
399,4.2,-1.113346,1,38,0,0,1,0
400,4.3,-0.1135935,0,43,0,0,1,0
401,4.1,-0.1135935,0,43,0,0,0,13
402,3.4,-0.1135935,0,43,0,0,0,19
403,3.5,-0.8351366,0,57,0,0,0,0
404,3.6,-0.8351366,0,57,0,0,0,0
405,3.7,0.9005994,1,51,0,0,0,0
406,3,0.9005994,1,51,0,0,0,0
407,4.6,0.9005994,1,51,0,0,0,0
408,4,-0.620769,0,45,0,0,1,0
409,4.8,-0.620769,0,45,0,0,1,0
410,4.6,-0.620769,0,45,0,0,1,0
411,3.4,-0.8552412,0,57,0,0,1,29
412,4.4,-0.8552412,0,57,0,0,1,30
413,3.6,-0.8552412,0,57,0,0,1,0
414,3.8,-0.8552412,0,57,0,0,1,0
415,3.7,-0.8552412,0,57,0,0,1,0
416,4.7,-0.8552412,0,57,0,0,1,0
417,4.5,-0.8552412,0,57,0,0,1,0
418,5,-0.8552412,0,57,0,0,0,0
419,3.8,-0.8552412,0,57,0,0,1,0
420,4.1,-0.8552412,0,57,0,0,1,0
421,4.3,1.065906,1,47,0,0,1,0
422,4.4,1.065906,1,47,0,0,1,0
423,4.7,1.065906,1,47,0,0,1,0
424,3.9,1.065906,1,47,0,0,1,0
425,4.8,1.144253,1,54,1,0,1,30
426,4.3,1.144253,1,54,1,0,1,28
427,4.6,1.144253,1,54,1,0,1,28
428,3.8,1.144253,1,54,1,0,1,30
429,5,1.685985,0,58,0,0,1,28
430,4.9,1.685985,0,58,0,0,1,30
431,4.6,1.685985,0,58,0,0,1,29
432,4.6,1.685985,0,58,0,0,1,30
433,5,1.685985,0,58,0,0,1,30
434,4.6,1.685985,0,58,0,0,1,30
435,4.9,1.685985,0,58,0,0,1,0
436,4,1.684802,0,42,0,0,1,0
437,3.9,1.684802,0,42,0,0,0,0
438,4.1,0.6362435,0,33,0,0,1,0
439,2.9,-1.269975,0,62,0,0,1,0
440,2.8,-1.269975,0,62,0,0,1,0
441,2.8,-1.269975,0,62,0,0,1,0
442,4,-1.269975,0,62,0,0,0,0
443,3.3,-1.269975,0,62,0,0,1,0
444,3,-1.269975,0,62,0,0,1,0
445,3.6,1.681103,1,35,1,0,1,0
446,3.8,1.681103,1,35,1,0,1,0
447,3.9,-0.6756103,0,61,0,0,1,0
448,4.7,-0.0901815,1,52,0,0,1,0
449,4.7,-0.0901815,1,52,0,0,1,0
450,3.9,-0.1450257,1,60,0,1,0,0
451,4.4,-0.1450257,1,60,0,1,0,0
452,3.6,-0.1450257,1,60,0,1,0,0
453,4.2,-0.1450257,1,60,0,1,0,0
454,3.4,-0.1450257,1,60,0,1,0,0
455,4,-0.1450257,1,60,0,1,0,0
456,4.2,1.143045,0,32,0,0,1,0
457,4.4,1.143045,0,32,0,0,0,0
458,4.5,1.143045,0,32,0,0,1,0
459,3.2,1.143045,0,32,0,0,1,0
460,4.3,1.143045,0,32,0,0,0,0
461,3.3,0.3320507,1,42,1,1,0,0
462,3.2,0.3320507,1,42,1,1,0,0
463,4.1,0.3320507,1,42,1,1,1,0
